77 20230201 20230806
185
357
464
466
503 20211101 20220830 20230806 20231129
556 20230806 20231129
557 20230806 20231129
558 20230806 20231129
559 20230806 20231129
560 20230806 20231129
561 20230806 20231129
562 20230806 20231129
564 20230806 20231129
565 20230806 20231129
566 20230806 20231129
568
588 20230301 20231129
625 20211115 20231129
650 20211115 20231129
651
675 20211115 20231129
700 20211115 20231129
725 20211115 20231129
750 20231129 20241201
817
840 20231129 20241201
850 20231129 20241201
874 20231129 20241201
881 20231129 20241201
899 20240201 20240501
917 20231129 20241201
918 20231129 20241201
919 20231129 20241201
920 20231129 20241201
921 20231129 20241201
961 20210101 20220107
1005 20240101
1008
1458
1489
1580
1597
1612
1626
1706 20220830 20240401
1720 20220830 20240401
1725 20220830 20240401
1735 20230301 20240401
1750 20220830 20240401
1754 20220830 20240401
1755 20220830 20240401
1765 20210101 20220101
1796
1971 20210101 20211202 20220830 20240502
1972 20210101 20211202 20220830 20240502
1977
1995
2005
2012
2067 20220515 20221110 
2084 20210101 20211115
2100 20210101 20211115
2125 20210101 20211115
2133 20210101 20211115
2157 20210101 20211115
2200 20210101 20211115
2205 20210101 20230101 20230806
2213 20230806 20240401
2225 20240101 20240401
2316
2423 20230425 20231030
2494 20230425 20231030
2509 20221121 20240201
2570
2575
2662
2663 20210101 20230301
2773
2967
3009 20210101 20230101 
3017 20210101 20220830
3038 20210926 20220830
3082
3092 20210101 20220101
3095 20210101 20220101
3124
3234 20230806 20240401
3235 20230806 20240401
3236 20230806 20240401
3238 20230806 20240401
3250 20230806 20240401
3253 20230401 20230806
3267
3349
3457 20230301 20230806
3500
3518 20210101 20220107
3546
3618
3697 20210101 20220830
3754
3756 20240115 20240401
3774 20230806 20240401
3824 20240101 20240401
3892 20240115 20240401
3893 20240101 20240401
3899 20230301 20240401
3924 20230806 20240401
3926 20240101 20240401
3927 20240101 20240401
3949 20230301 20240401
3974
3983 20240101 20240401
4008 20230301 20230806
4019
4039 20211116 20220301
4089
4413 20211201 20221124
4450
4468 20220830
4507
4613
4624 20210101 20220201
4632
4636
4638
4648 20230501 20231001
4733
4748
4764
4772 20210101 20220830 20230806
4788
4923
4957 20210101  20220830 20230806 20240123
4977
4981 20210101 20211201 20220201 20231101